A1,A2,cluster
3.5975062526,2.04310490998,5
3.60966810685,2.20685320032,5
3.66635992916,2.21446636151,5
3.73019406848,2.21962624835,5
3.62879332275,2.35094771409,5
3.58051603278,2.37086327238,5
3.58013160554,2.16197342508,5
3.57910111327,2.22910239634,5
3.64951589069,2.2543563128,5
3.70803667176,2.35357993069,5
3.64110198482,2.35381362119,5
3.63278382969,2.27576647959,5
3.55894739884,2.22664086002,5
3.73119753328,2.20441967198,5
3.61087059567,2.1788454762,5
3.54543071041,2.15463328523,5
3.61709332362,2.240613585,5
3.76939891053,2.04162822615,5
3.79084591086,2.2425264729,5
3.6809153622,2.16647477135,5
3.64680330627,2.1451944905,5
3.56576164878,2.27374130923,5
3.70983591639,1.97976064914,5
3.65468321065,2.07196360742,5
3.64126612303,2.18189180495,5
3.6572344024,2.25042939681,5
3.48049836867,2.25716472103,5
3.62419147721,2.09882521697,5
3.79783836721,2.21126604101,5
3.71048303536,2.28440710671,5
3.09406341263,2.27415326778,4
3.13915903374,2.16076770458,4
3.19610683149,2.13993567063,4
3.25580164227,2.16539679836,4
3.34096485309,2.21928187272,4
3.2876669018,2.26146058255,4
3.16306583097,2.39624794657,4
3.27512852177,2.17718989327,4
3.40149571614,2.40227481965,4
3.28369611022,2.03584771916,7
3.26345246669,2.1530864708,4
3.25877006054,2.31430799175,4
3.28655400018,1.92788941118,7
3.1933500914,2.29346218442,4
3.18200274087,2.2620922923,4
3.18703171742,2.13493915662,4
3.36077368141,2.25428821711,4
3.18053874602,2.04695916231,7
3.30814952061,2.10814048808,4
3.23766572967,2.10410920179,4
3.2228154054,2.38093548308,4
2.97624844493,2.12710393857,7
3.29465830618,2.28082614487,4
3.18911153384,2.22123934956,4
3.24605184114,2.30528842979,4
3.21973808629,2.26633562113,4
3.29186755062,2.24196958503,4
3.21550477117,2.20079787935,4
3.03420817758,2.21917964208,4
3.16614816684,2.23273404037,4
3.70915630232,1.80614605645,6
3.62990021529,1.84473257138,6
3.79978228114,1.76185250766,6
3.65010146414,1.85316662591,6
3.63739442851,1.85945729412,6
3.62398898356,1.79372967928,6
3.62832878301,1.79402336028,6
3.76039316103,1.82590398738,6
3.44583148846,1.71143087327,6
3.71681287055,1.70967455793,6
3.56034733183,1.75205746644,6
3.72379953422,1.85189410028,6
3.59962850574,1.84573549962,6
3.64394988122,1.85985325197,6
3.67497264785,1.74196614761,6
3.56547727,1.88560876515,6
3.62428302932,1.90845755289,6
3.9073120767,1.67611583717,6
3.63940973609,1.90560635726,6
3.62057222734,1.91899115946,6
3.46000286349,1.72470305623,6
3.60618006505,1.88990538135,6
3.49111795005,1.62639410216,6
3.52587142731,1.7151728315,6
3.56202208212,1.79685606627,6
3.67843209394,1.80947011473,6
3.61507198961,1.71735149638,6
3.61315202156,1.77132937646,6
3.59073172636,1.77237100489,6
3.65757570178,1.54275322473,6
3.27479663864,2.03781363881,7
3.28530754129,1.74254347182,8
2.97370779405,1.85047947475,7
3.13238762772,1.73060027592,8
3.31476084967,1.747096299,8
3.35647832945,1.59953938574,8
3.17473915448,1.80016989563,8
3.14657152507,1.76542910028,8
3.1904995859,1.8688151417,7
3.11798246736,1.8268101695,7
3.20329598425,1.92267562296,7
3.33994122715,1.71335193767,8
3.21572912934,1.70992226733,8
3.03527212041,1.93806210072,7
3.21736949511,1.80903730058,8
3.29478476575,1.93085498536,7
3.10460369006,1.91725867953,7
3.27411926359,1.84681861844,8
3.21855616538,1.88689271321,7
3.39754103785,1.76356059221,8
3.04599551695,1.69051789879,8
3.3854530284,1.79886026453,8
3.31726669489,1.82227418449,8
3.12468199144,1.87032718794,7
3.19040264467,1.70718078449,8
3.24188652214,1.67279945676,8
3.09999116063,1.66634239991,8
3.14523260175,1.77328603051,8
3.19041566409,1.79105700939,8
3.1735899097,1.74938105555,8
4.20795272442,2.25846730972,1
4.08815262794,1.97789166887,1
3.98165912763,2.11845998549,1
4.1065067973,2.21065571393,1
4.25406567565,2.26879417888,1
4.20665415071,2.29581072685,1
4.04603287909,2.45346752734,1
3.95404063435,2.22413169154,1
3.72978806625,2.11757077891,5
4.06281524712,2.27738819478,1
4.05613529864,2.104145565,1
3.98196746902,2.22027909631,1
3.98897510426,2.3780904531,1
4.08154435646,2.36396705277,1
4.01454875743,2.39381582992,1
4.03866351397,2.15770382218,1
3.96608088642,2.184721393,1
4.0101208229,2.02342280478,1
3.96667481893,2.31381688994,1
4.02585062918,2.4284249473,1
4.06172781951,2.22649862329,1
3.85326823889,2.13691701232,5
4.01634588288,2.17035703794,1
4.02082299153,2.32786805027,1
3.97084337548,2.40410586251,1
4.08098288496,2.25619750594,1
3.91527709464,2.19888662375,1
4.08001370695,2.3155729842,1
4.12325764595,2.20343892638,1
3.97531520653,2.33852329371,1
4.40278384453,2.24094804534,9
4.38436996664,2.22449182863,9
4.32998125641,1.95522476027,9
4.4600884587,2.26175628848,9
4.63295870721,2.08924704274,9
4.51392326083,2.21699062022,9
4.42231674527,2.25341548456,9
4.45569689636,2.08204949579,9
4.3971688684,2.13096370493,9
4.4589710165,2.06997590328,9
4.51842846177,2.05047352496,9
4.47398565873,2.2546412853,9
4.48774806511,2.23573138294,9
4.49227733725,2.33527637464,9
4.23591180184,2.15523189534,1
4.34447633273,2.13562310086,9
4.6189418048,2.19857098612,9
4.45810896061,2.1240941032,9
4.53808527439,2.24628231067,9
4.32281776391,2.26630448213,9
4.45742921471,2.0752106938,9
4.50789062676,2.1491340871,9
4.63135652591,2.27715981441,2
4.52832135913,2.2152729275,9
4.48913764745,2.15144276557,9
4.47847347755,2.14190657246,9
4.38657537325,2.17412767065,9
4.48114582951,2.13829656748,9
4.48022853752,2.11801479399,9
4.38181370545,2.03527900598,9
3.76484040055,1.38650898871,6
3.5894497135,1.23089042161,3
3.74886104122,1.36154547354,6
3.54857331364,1.48211920582,6
3.39261704665,1.53018771064,8
3.62241492226,1.51610763877,6
3.5743855036,1.25280480984,3
3.38650949691,1.41562176331,8
3.67689654833,1.41359258846,6
3.73000745818,1.41300306534,6
3.65936391478,1.42688553222,6
3.52078502707,1.4151008031,6
3.67354330119,1.28596253071,3
3.70837174746,1.4125570847,6
3.6910765363,1.38065964234,6
3.68062794591,1.46617143372,6
3.67716595375,1.24746398269,3
3.53925507653,1.44563318386,6
3.52062737747,1.60812708171,6
3.54682780648,1.51144686318,6
3.58080411636,1.15929937408,3
3.72592491353,1.46758935879,6
3.65648732444,1.60547167491,6
3.70314017593,1.5341601146,6
3.54590579395,1.37954638419,6
3.61295199211,1.29706091673,3
3.50792872694,1.44478384337,6
3.66534273221,1.28941661484,3
3.32171819937,1.52478965709,8
3.59941011937,1.32620589716,3
3.54472895087,0.970993931771,3
3.42939904125,0.973650112047,3
3.55794918723,0.944868230532,3
3.69077948165,1.01393509183,3
3.7876785148,0.942660230957,3
3.75180870991,0.907588454186,3
3.59335597263,0.747771434556,3
3.61965651034,0.975893663727,3
3.56656342768,0.992164223947,3
3.66062252489,0.859886596157,3
3.60623991102,1.06091243013,3
3.68833114539,0.948913698271,3
3.69728134423,1.20978495562,3
3.69992792649,1.01518252141,3
3.39822502274,1.09234117417,3
3.61686113997,1.27723604047,3
3.56205790207,0.985749239513,3
3.43077026855,0.941100327882,3
3.4503868518,0.89610877998,3
3.56011713382,0.974068842229,3
3.53951392014,1.2461416357,3
3.72629428464,1.07283509028,3
3.5138974508,0.812785191543,3
3.70582472203,1.02313171584,3
3.59629258983,0.919040300972,3
3.61239046553,1.05770554232,3
3.56175359997,1.05536561693,3
3.42033942139,1.02297848961,3
3.55763300307,1.07087646794,3
3.59721759409,0.900376851401,3
4.77789657392,2.31895537442,2
4.82093276005,2.22334219662,2
4.96651432446,2.19382029392,2
5.01914330763,2.12716646359,2
4.77781147849,2.19049811049,2
4.85067154267,2.27703443089,2
4.77140596255,2.12980330661,2
4.70295952897,2.08127298435,2
4.86551483652,2.12306217031,2
5.01944028096,2.43201664712,2
4.90505951586,2.21123417295,2
4.89433119787,2.24468694022,2
4.88699644953,2.35834804818,2
4.70975824849,2.13993362012,2
4.70124753933,2.35700245218,2
4.8731176167,2.18590543403,2
4.74255092063,2.33268017096,2
4.78783941356,2.22788013609,2
4.85147037746,2.07777693289,2
4.74141724338,2.27874976563,2
4.7685335751,2.1186624251,2
4.89119145048,1.97415409992,2
4.84788225873,2.20622794856,2
4.7684777451,2.27911445656,2
4.73273631642,2.15054539631,2
4.72102013278,2.19177495562,2
4.81481030535,2.14611318523,2
4.84187706882,2.14872504117,2
4.7491986777,2.09778762039,2
4.84300737225,2.24345616259,2
